
####################
# DONUT TARGETDATA #
####################

circle_gradient_target <- c(0.0012764774267292405,
                            0.0011704136041183295,
                            0.001066239219630407,
                            0.0009764053610565389,
                            0.0009044497557424222,
                            0.0008401660454968881,
                            0.0007864768644801401,
                            0.0007458475357821917,
                            0.0007130040416825263,
                            0.0006847566383817969,
                            0.0006625058691589923,
                            0.0006439884727620362,
                            0.000626673352275628,
                            0.0006102997841932581,
                            0.0005971485795715295,
                            0.0005869084758753376,
                            0.0005790188680761591,
                            0.000571911536225181,
                            0.0005659699403475266,
                            0.000561290051599626,
                            0.000557542354383256,
                            0.000554787163921374,
                            0.0005526056616356337,
                            0.0005508501382341249
                            )

circle_bfgs_target <- c(0.0012764774267292405,
                        0.0011704136041183295,
                        0.0005813870428939076,
                        0.0005465652721304669,
                        0.0005421497083188398,
                        0.0005035721148816068,
                        0.00048788290544152317,
                        0.00048736725660982947,
                        0.00048736725660982947
                        )

circle_bfgs_target_fine <- c(0.001946985000541688,
                             0.001741279133583491,
                             0.00027503901720266045,
                             0.0002396696285121969,
                             0.00017870057412349902,
                             0.00010947120077876857,
                             0.00010114433300539948,
                             9.772603889991735e-05,
                             7.724839328924884e-05,
                             5.856181090160718e-05,
                             5.424594710515977e-05,
                             5.424594710515977e-05,
                             5.392100664442301e-05,
                             5.210015263831405e-05,
                             5.176058682575421e-05,
                             5.166390735092333e-05,
                             5.111512702150842e-05,
                             4.973654885348869e-05,
                             4.510627165340363e-05,
                             4.4611205078841316e-05,
                             4.458834578317556e-05,
                             4.450902091808232e-05,
                             4.4368643779069136e-05,
                             4.4220881806767925e-05,
                             4.1790724500456344e-05
                             )

circle_gradient_target_fine <- c(0.001946985000541688,
                                 0.001741279133583491,
                                 0.0015536171279853753,
                                 0.0013871589787119948,
                                 0.0012396702373727864,
                                 0.0011037906575726824,
                                 0.0009808625178980791,
                                 0.0008736725925576857,
                                 0.0007805191648558402,
                                 0.0006994649438338068,
                                 0.0006288473103995039,
                                 0.0005669334208335817,
                                 0.0005124392493219031,
                                 0.0004649872751796952,
                                 0.00042329879420315914,
                                 0.0003870558484820983,
                                 0.0003555759246544874,
                                 0.0003276155136213384,
                                 0.0003031342681044633,
                                 0.00028173029727169316,
                                 0.0002630941886358067,
                                 0.00024685619855670574,
                                 0.0002327179552633884,
                                 0.00022036765194707173
                                 )


plot(circle_bfgs_target_fine, type = "l", lty = 1, lwd = 1.2, xlab = "Schritt", ylab = "Zielfunktional J")
lines(circle_gradient_target_fine, type = "l", lty = 2, lwd = 1.2, col = "black")
lines(circle_bfgs_target, type = "l", lty = 3, lwd = 1.2, col = "black")
lines(circle_gradient_target, type = "l", lty = 4, lwd = 1.2, col = "black")
legend("topright", legend = c("L-BFGS; fein",
                              "Gradientenverfahren; fein",
                              "L-BFGS; grob",
                              "Gradientenverfahren; grob"),
       box.lty = 1, cex = 0.8, lty = c(1, 2, 3, 4), col = c("black", "black", "black", "black"), lwd = c(1.2, 1.2, 1.2, 1.2))


