
#########################
# DONUT BFGS MEMLENGTHS #
#########################

circle_bfgs_target_fine <- c(0.001946985000541688,
                             0.001741279133583491,
                             0.00027503901720266045,
                             0.0002396696285121969,
                             0.00017870057412349902,
                             0.00010947120077876857,
                             0.00010114433300539948,
                             9.772603889991735e-05,
                             7.724839328924884e-05,
                             5.856181090160718e-05,
                             5.424594710515977e-05,
                             5.424594710515977e-05,
                             5.392100664442301e-05,
                             5.210015263831405e-05,
                             5.176058682575421e-05,
                             5.166390735092333e-05,
                             5.111512702150842e-05,
                             4.973654885348869e-05,
                             4.510627165340363e-05,
                             4.4611205078841316e-05,
                             4.458834578317556e-05,
                             4.450902091808232e-05
                             )

circle_bfgs_target_fine_memlen3 <- c(0.001946985000541688,
                                     0.001741279133583491,
                                     0.00027503901720266045,
                                     0.0002396696285121969,
                                     0.00018763265889976187,
                                     0.0001269234694220163,
                                     0.00011023958266058361,
                                     7.935552804579614e-05,
                                     7.378846331919248e-05,
                                     7.378846331919248e-05,
                                     7.154434015290123e-05,
                                     6.287640316465223e-05,
                                     6.253918629319512e-05,
                                     6.19481267245372e-05,
                                     6.163759015067832e-05,
                                     6.121528777611166e-05,
                                     6.121528777611166e-05,
                                     6.112497590774647e-05,
                                     6.0377191122185286e-05,
                                     5.940762703825478e-05,
                                     5.7365397790365525e-05,
                                     5.278932422774207e-05
                                     )


plot(circle_bfgs_target_fine_memlen3, type = "l", lty = 1, lwd = 1.2, xlab = "Schritt", ylab = "Zielfunktional J")
lines(circle_bfgs_target_fine, type = "l", lty = 2, lwd = 1.2, col = "black")
legend("topright", legend = c("L-BFGS; mem.len. 3",
                              "L-BFGS; mem.len. 60"),
       box.lty = 1, cex = 0.8, lty = c(1, 2), col = c("black", "black"), lwd = c(1.2, 1.2))

