
#########################
# DONUT LAME PARAMETERS #
#########################

donut_bfgs_fine <- c(0.001946985000541688,
                     0.001741279133583491,
                     0.00027503901720266045,
                     0.0002396696285121969,
                     0.00017870057412349902,
                     0.00010947120077876857,
                     0.00010114433300539948,
                     9.772603889991735e-05,
                     7.724839328924884e-05,
                     5.856181090160718e-05,
                     5.424594710515977e-05,
                     5.424594710515977e-05,
                     5.392100664442301e-05,
                     5.210015263831405e-05,
                     5.176058682575421e-05,
                     5.166390735092333e-05,
                     5.111512702150842e-05,
                     4.973654885348869e-05,
                     4.510627165340363e-05,
                     4.4611205078841316e-05,
                     4.458834578317556e-05,
                     4.450902091808232e-05
                     )

donut_bfgs_fine_konstlame <- c(0.001946985000541688,
                               0.001815449513810497,
                               0.00027306482911936653,
                               0.0001977079287070592,
                               0.00010999642834717821,
                               9.214152011209975e-05,
                               8.957572750899328e-05,
                               8.950399753698327e-05,
                               7.629836865542207e-05,
                               5.7626911195542833e-05,
                               4.010239587039658e-05,
                               3.602239939452475e-05,
                               3.48038397442155e-05,
                               3.44563774571669e-05,
                               2.9497211671346726e-05,
                               2.8599766053574316e-05,
                               2.6554551408367968e-05,
                               2.653893724986371e-05,
                               2.533256621364425e-05,
                               2.5037315720082057e-05,
                               2.4756258927306165e-05,
                               2.459140713896137e-05
                               )

donut_bfgs_fine_konstlame_noperimeter <- c(0.0019375709551578421,
                                           0.001805839878740278,
                                           0.00025992608247304175,
                                           0.0001842731227836176,
                                           9.635840415382763e-05,
                                           7.875312494090561e-05,
                                           7.55928101987341e-05,
                                           7.009543027758814e-05,
                                           4.232693149247356e-05,
                                           2.9159972751665296e-05,
                                           2.259976181056276e-05,
                                           1.9475611065341342e-05,
                                           1.902220108154604e-05,
                                           1.7485703073514195e-05,
                                           1.731037261053177e-05,
                                           1.7301460729431124e-05,
                                           1.6292338492568633e-05,
                                           1.619465910696013e-05,
                                           1.3878097842034157e-05,
                                           1.3718073031888278e-05,
                                           1.291844101358668e-05,
                                           1.0297506423896958e-05
                                            )


plot(donut_bfgs_fine_konstlame, type = "l", lty = 1, lwd = 1.2, xlab = "Schritt", ylab = "Zielfunktional J")
lines(donut_bfgs_fine, type = "l", lty = 2, lwd = 1.2, col = "black")
lines(donut_bfgs_fine_konstlame_noperimeter, type = "l", lty = 3, lwd = 1.2, col = "black")
legend("topright", legend = c("L-BFGS; fein + konst. Lamé-P.",
                              "L-BFGS; fein",
                              "L-BFGS; fein + konst. Lamé-P. + no Perimeter"),
       box.lty = 1, cex = 0.8, lty = c(1, 2, 3), col = c("black", "black", "black"), lwd = c(1.2, 1.2, 1.2))


